1.022379285890987148e+03 0.000000000000000000e+00
7.433535343845554735e+02 0.000000000000000000e+00
5.803947944948973827e+02 0.000000000000000000e+00
5.119283868037491061e+02 0.000000000000000000e+00
2.255935078876981095e+02 1.469000000000000028e-01
1.580681770082996422e+02 0.000000000000000000e+00
1.505170883309862688e+02 0.000000000000000000e+00
1.458480113870296009e+02 0.000000000000000000e+00
1.422062441217626656e+02 0.000000000000000000e+00
1.400489511911351030e+02 0.000000000000000000e+00
1.312193721821222141e+02 2.399999999999999790e-03
1.302147098671427727e+02 0.000000000000000000e+00
1.295060750396924618e+02 0.000000000000000000e+00
1.266796795814941845e+02 6.999999999999999929e-04
